Send to Node ID 1 on Channel=20 from Node 3

00 00 01 00 03 04 00 06 00 03 00 8B 
00 00 01 00 03 04 00 06 00 03 00 8C 
00 00 01 00 03 04 00 06 00 03 00 8D 
00 00 01 00 03 04 00 06 00 03 00 8E 
00 00 01 00 03 04 00 06 00 03 00 8F 
00 00 01 00 03 04 00 06 00 03 00 90 
00 00 01 00 03 04 00 06 00 03 00 91 
00 00 01 00 03 04 00 06 00 03 00 92 
00 00 01 00 03 04 00 06 00 03 00 93 
00 00 01 00 03 04 00 06 00 03 00 94 
00 00 01 00 03 04 00 06 00 03 00 95 
00 00 01 00 03 04 00 06 00 03 00 96 
00 00 01 00 03 04 00 06 00 03 00 97 
00 00 01 00 03 04 00 06 00 03 00 98 
00 00 01 00 03 04 00 06 00 03 00 99 
00 00 01 00 03 04 00 06 00 03 00 07 
00 00 01 00 03 04 00 06 00 03 00 08 
00 00 01 00 03 04 00 06 00 03 00 09 
00 00 01 00 03 04 00 06 00 03 00 0A 
00 00 01 00 03 04 00 06 00 03 00 0B 
00 00 01 00 03 04 00 06 00 03 00 0C 
00 00 01 00 03 04 00 06 00 03 00 0D 
00 00 01 00 03 04 00 06 00 03 00 0E 
00 00 01 00 03 04 00 06 00 03 00 0F 
00 00 01 00 03 04 00 06 00 03 00 10 
00 00 01 00 03 04 00 06 00 03 00 11 

Packet that WORKS have to flip the Destination and Source Address!!

00 00 03 00 01 04 00 06 00 01 00 11

